80003508
80009809
80010467
80020943
80021799
80032889
80041939
80041966
80046176
80046550
80049159
80052944
80060798
80064732
80070005
80072474
80076829
80086659
80088345
80090816
80103350
80108104
80121318
80166216
80182298
80188106
80189493
80191544
80201630
80213688
80213820
80244123
80245410
80258988
80259006
80266367
80271240
80284352
80287540
80300823
80304139
80310466
80311203
80345691
80352680
80355056
80356839
80360283
80373461
80378804
80382061
80399751
80399948
80402286
80406622
80407272
80410825
80421139
80421803
80423339
80441212
80451556
80458649
80459310
80461694
80472524
80473240
80487818
80497947
80498485
80498524
80501442
80503893
80521691
80523163
80528971
80551166
80552789
80554523
80557627
80571351
80572198
80572787
80574099
80591685
80611622
80624499
80636120
80639420
80642457
80658793
80670106
80700414
80704579
80711184
80718567
80723842
80725716
80743886
80744865
80751489
80752516
80769372
80772309
80773212
80777425
80780201
80793845
80800761
80803771
80818261
80835213
80837235
80838755
80843665
80846826
80852117
80862349
80875572
80888992
80900504
80902825
80915517
80917584
80924096
80931928
80938776
80950330
80955269
80964588
80975388
80979872
80982498
80997960
80998190
81004342
81011948
81027510
81035364
81041637
81042474
81047611
81049147
81052987
81059883
81060058
81073366
81077681
81079676
81087103
81087457
81093113
81102118
81133804
81139888
81143027
81153099
81157640
81168691
81174898
81176744
81176762
81180312
81181140
81192986
81208104
81215438
81226957
81243020
81247859
81256879
81282300
81287921
81290837
81305759
81306998
81309971
81312805
81316661
81344383
81349904
81350496
81352315
81368521
81374166
81414923
81417193
81421583
81452831
81453324
81466801
81466810
81482070
81496134
81507786
81518483
81533860
81533936
81556506
81559981
81573606
81582390
81584246
81587087
81592362
81601778
81604676
81614899
81616316
81621918
81637946
81638345
81645567
81651689
81658008
81661361
81686542
81710308
81713813
81717772
81729476
81741610
81743490
81754179
81764860
81788213
81793374
81795734
81819162
81832433
81835546
81841800
81856831
81865356
81865646
81874228
81880519
81885587
81886061
81898411
81898701
81907078
81914106
81914357
81918261
81925885
81936621
81939239
81939686
81949519
81950962
81954773
81977567
81980923
81984828
81994948
81996317
82001777
82007911
82009410
82010975
82015756
82016155
82020264
82028877
82030012
82038027
82066543
82099644
82112404
82128366
82132082
82133164
82137966
82156060
82166779
82171867
82177878
82183703
82188593
82192170
82195564
82201876
82212005
82212564
82216937
82225229
82229919
82235273
82246635
82247409
82248376
82252711
82256027
82257332
82260903
82301217
82307862
82342911
82348829
82353225
82371489
82372990
82376019
82404855
82406185
82414760
82414984
82415972
82415990
82419082
82427144
82446912
82447067
82449249
82451886
82487755
82515210
82516299
82522179
82529785
82531005
82538367
82547873
82552701
82558365
82558824
82575915
82591465
82591791
82601588
82607405
82609771
82617011
82623469
82631080
82632199
82634308
82635613
82647018
82648435
82649124
82665487
82684394
82686772
82686978
82691990
82692175
82693079
82701031
82703651
82708375
82713584
82725082
82737982
82741420
82744056
82747507
82748063
82754774
82755780
82775649
82781024
82791984
82794127
82808761
82808798
82808855
82828170
82865894
82871550
82886536
82891192
82893525
82901822
82909471
82912293
82914756
82921147
82935292
82969475
82972448
82985297
82991168
82996369
82998279
83004720
83005745
83006827
83011625
83022274
83024568
83027662
83044342
83044669
83044726
83045349
83055124
83062702
83077144
83081879
83093005
83102813
83104899
83107274
83114281
83119567
83142239
83145753
83157224
83164857
83168257
83169085
83185290
83186381
83191059
83194706
83202115
83208733
83232998
83248056
83255933
83259735
83285408
83287420
83302051
83309265
83321182
83332900
83338313
83339600
83342123
83348273
83351901
83379099
83407684
83413975
83418327
83444090
83445734
83460326
83464557
83465406
83466636
83485758
83489046
83507007
83511497
83514395
83515002
83534197
83549360
83569939
83594418
83594520
83596524
83617111
83635209
83636943
83643772
83666333
83670170
83679360
83692583
83694886
83719024
83719752
83727579
83754913
83760642
83790528
83790975
83808085
83810341
83827572
83836024
83866478
83868520
83879777
83891313
83898442
83899346
83935703
83936429
83937565
83944910
83962295
83968327
83971916
83983049
83989854
84002714
84008387
84013774
84021304
84031152
84034292
84042037
84043276
84055091
84062633
84074784
84083807
84086460
84088370
84102669
84109789
84112480
84120010
84129291
84137997
84138743
84143783
84148939
84165972
84166063
84178226
84185952
84189240
84197599
84225214
84243049
84266114
84267746
84274829
84285786
84289551
84293316
84297408
84299381
84303073
84304388
84322887
84333726
84356949
84377757
84379582
84383963
84385912
84387617
84392451
84395210
84397120
84410467
84421481
84422237
84442628
84467667
84482437
84483304
84484990
84488466
84530132
84543084
84544830
84554213
84554606
84567781
84583875
84592840
84595159
84595476
84596857
84597863
84598758
84599045
84599148
84606000
84607221
84608349
84609935
84611291
84611723
84614546
84615703
84620976
84626727
84627005
84630144
84654010
84684884
84691873
84692722
84696485
84701398
84707961
84715751
84715809
84720232
84721462
84728920
84734725
84739122
84746894
84757920
84778877
84790413
84790570
84792202
84794149
84794251
84818362
84821988
84825203
84825276
84835060
84835846
84837194
84857781
84866037
84878973
84882309
84885122
84891507
84891637
84909840
84910172
84910220
84915186
84918758
84927161
84933966
84951492
84953085
84954868
84957551
84964474
84970916
84972013
84975948
84984418
84986140
84990165
84993586
85000034
85000780
85001732
85002289
85008768
85014059
85020283
85025895
85041514
85050646
85055593
85065761
85071865
85073588
85075386
85085406
85096411
85098228
85129588
85133286
85144527
85162642
85163069
85164208
85164552
85173264
85178410
85182800
85187140
85191491
85197149
85213562
85225864
85239508
85246793
85270275
85270949
85284290
85295429
85302363
85322482
85332034
85333406
85335576
85341223
85349153
85365939
85370915
85373877
85375620
85386000
85389823
85398405
85401314
85419159
85432792
85438954
85441806
85444405
85444496
85461318
85464092
85464999
85469350
85474466
85492862
85510805
85519910
85527858
85532713
85569278
85572933
85581458
85583395
85584516
85600386
85604302
85611159
85624382
85645622
85652648
85676729
85683558
85689608
85694639
85701274
85730621
85731141
85752913
85755286
85758456
85765315
85767092
85768071
85783234
85789188
85798890
85800805
85811427
85825871
85829301
85832785
85857948
85860742
85862326
85864599
85865587
85868935
85870116
85885389
85894783
85897421
85904806
85916014
85921081
85950670
85954137
85960697
85968899
85976988
85999549
86001300
86001908
86017824
86018326
86018586
86026161
86030878
86030908
86038173
86038801
86042031
86046888
86048800
86052629
86055657
86058247
86065272
86067986
86068590
86068684
86071330
86086138
86095532
86096614
86102289
86118365
86122344
86129790
86139801
86141961
86151492
86162920
86174400
86180250
86180782
86193081
86195151
86207429
86213112
86223782
86256137
86257170
86257228
86260899
86261999
86265616
86266387
86271804
86298575
86300955
86312903
86323217
86340241
86352507
86357977
86372608
86386089
86392080
86393649
86396024
86404312
86404460
86406343
86443142
86443834
86476186
86489663
86493781
86504267
86519074
86524201
86531049
86543088
86547527
86549192
86549709
86550198
86555782
86560320
86568782
86570374
86582050
86584755
86590448
86596132
86608343
86622200
86624026
86628033
86635835
86639383
86641247
86644631
86646242
86660136
86663061
86667779
86674469
86675091
86686659
86686921
86694216
86695978
86704722
86708104
86717562
86720919
86721934
86724458
86736200
86767370
86768546
86777324
86784069
86794170
86798981
86800905
86802365
86802860
86814676
86818526
86829960
86831262
86833864
86845223
86848765
86860431
86878801
86880635
86883926
86893064
86895657
86895956
86900766
86908575
86914400
86914736
86920522
86927558
86928005
86939533
86939748
86972352
86987598
86996509
87000047
87009086
87022478
87033072
87036943
87038143
87042159
87043594
87050136
87051683
87056325
87060210
87064405
87074570
87074703
87083200
87100264
87116201
87122499
87124242
87124680
87124729
87132489
87136973
87152517
87156131
87165179
87171385
87174283
87175972
87177837
87182680
87185074
87191301
87195765
87202113
87208786
87211414
87212532
87219698
87233108
87233911
87237124
87248102
87254233
87260494
87268230
87268678
87281136
87282900
87295629
87298460
87334144
87342831
87357125
87359053
87365773
87391875
87394513
87401747
87406434
87407879
87411120
87419975
87426441
87427608
87429406
87430279
87433681
87439151
87439683
87448836
87456792
87460137
87460511
87463512
87479429
87493108
87495362
87508703
87509577
87524141
87529203
87537954
87546424
87550412
87556526
87560372
87571725
87573354
87573514
87584145
87584770
87584921
87597015
87601819
87603103
87604744
87609646
87612057
87615535
87624528
87647460
87680403
87684241
87688940
87688977
87689536
87698088
87698480
87705678
87712265
87721016
87722282
87744789
87750632
87755178
87756166
87767443
87772429
87776511
87781533
87783537
87785232
87788336
87789388
87791569
87792959
87794122
87805626
87814897
87839818
87862553
87866083
87866681
87868443
87869169
87885486
87908657
87919961
87924938
87939222
87941104
87941298
87961474
87961540
87992058
87992843
88002413
88002673
88002682
88009195
88024602
88035895
88048112
88049173
88051961
88052379
88058335
88065221
88066282
88068736
88079200
88080309
88084035
88098715
88103543
88110699
88135311
88135348
88135469
88139328
88141769
88150323
88156174
88157685
88171494
88176257
88179360
88186845
88210469
88211309
88211596
88216153
88224729
88225762
88226648
88238436
88244503
88248118
88266233
88292782
88295822
88296191
88314563
88325112
88344467
88350226
88355294
88362126
88363516
88372303
88372572
88375845
88376440
88377278
88381837
88383961
88395704
88397472
88409339
88411958
88416029
88418649
88427043
88433802
88450845
88452876
88456968
88462790
88474533
88476751
88488772
88500692
88503330
88503992
88515511
88516488
88520038
88547259
88553979
88554408
88567332
88567716
88571151
88571405
88571973
88575328
88580443
88583015
88584469
88593612
88596930
88598206
88602756
88610715
88614469
88618869
88621494
88623797
88630414
88634010
88636797
88643647
88648790
88651978
88658641
88665902
88667308
88692908
88698610
88699046
88703617
88712936
88713102
88730060
88737180
88742728
88743556
88765660
88768380
88780506
88784812
88792415
88796990
88799067
88804457
88819095
88827269
88830858
88831613
88837512
88849896
88856894
88859475
88868897
88892333
88895325
88904227
88904423
88906913
88909398
88912307
88921019
88934019
88943767
88944652
88946599
88951267
88963309
88964566
88982104
88983370
88993333
88995609
88995702
88999559
89006511
89010648
89016145
89021390
89036321
89048959
89049040
89053485
89056749
89065992
89069123
89071498
89071591
89073483
89076550
89079757
89098972
89101238
89102552
89102936
89105218
89112373
89124321
89129287
89130265
89130797
89132746
89138104
89141207
89153255
89155679
89162471
89172863
89189795
89193215
89204111
89207493
89230521
89234181
89236813
89241303
89249073
89252635
89257283
89262568
89263480
89270198
89278505
89279810
89304945
89307094
89313198
89315521
89318924
89327289
89335417
89345135
89364163
89366569
89373017
89373763
89378647
89391208
89405217
89408030
89409493
89412233
89423417
89430143
89433340
89448438
89451317
89452686
89456264
89457261
89462069
89466647
89487343
89489534
89489712
89493625
89494903
89507746
89511248
89511798
89523661
89531536
89561494
89562530
89571327
89575295
89599947
89624858
89631762
89633270
89635500
89660155
89665002
89674394
89687312
89689334
89691065
89706857
89710005
89713211
89719400
89725867
89728130
89739985
89745481
89787016
89790016
89794023
89797341
89801079
89803831
89810222
89814798
89817119
89818611
89830752
89841860
89847956
89863095
89870981
89887309
89889219
89892394
89905212
89909537
89911455
89921650
89922590
89926637
89928284
89932946
89934203
89936261
89938313
89943027
89985090
89993536
90002210
90002863
90004465
90008650
90012095
90014745
90015434
90015630
90016217
90018789
90020942
90023868
90024490
90025200
90026131
90026391
90028489
90029860
90031292
90033876
90035861
90035991
90036242
90037276
90037780
90037856
90037986
90039412
90040566
90040856
90041013
90041376
90041899
90044135
90045972
90046764
90046867
90048058
90049895
90050118
90050994
90051067
90052934
90056633
90057292
90057676
90059924
90060591
90060890
90060902
90061691
90063556
90069231
90069790
90069996
90072044
90072062
90072101
90072183
90073706
90074057
90075072
90075607
90077450
90080197
90080629
90082511
90084917
90088371
90088399
90088559
90090815
90091728
90092556
90093432
90093450
90096581
90097261
90097421
90097775
90098839
90099827
90100693
90101074
90101878
90102017
90104114
90105737
90106958
90107188
90108596
90109436
90112324
90112566
90112995
90113871
90114869
90118782
90119846
90119855
90120440
90121522
90124215
90128017
90130878
90133990
90136852
90137363
90137532
90139527
90141472
90141548
90142086
90143195
90145032
90146468
90153327
90155983
90156711
90156878
90162600
90163018
90165311
90166475
90168545
90171246
90171871
90171956
90172056
90176380
90178197
90180994
90181151
90181423
90181674
90183922
90185421
90185908
90186857
90188806
90188833
90189474
90191758
90192586
90195484
90197330
90198823
90198935
90201303
90202065
90202092
90202113
90202382
90204836
90207583
90207707
90208964
90209176
90210033
90211807
90212505
90212907
90214675
90215010
90217126
90217715
90218691
90219072
90219139
90219821
90220975
90221404
90224665
90224674
90225550
90227330
90229512
90231140
90233108
90235492
90236903
90237656
90238877
90239052
90239409
90239687
90240021
90240580
90246470
90247141
90247776
90247824
90248250
90249770
90251447
90251821
90252387
90253517
90253795
90254082
90254279
90255388
90256228
90257850
90257917
90258884
90259032
90261026
90261165
90263842
90266311
90267635
90268669
90272376
90273140
90273588
90274606
90280755
90284007
90284735
90292235
90294136
90297717
90297968
90298125
90298152
90302693
90304008
90304549
90305180
90305274
90305621
90308668
90309281
90309599
90311846
90317464
90319945
90320455
90322543
90323577
90323700
90326970
90327481
90330959
90334779
90338197
90340387
90341816
90342064
90342701
90343696
90344152
90344509
90346763
90349803
90350313
90352456
90358355
90359352
90359370
90362334
90364628
90366882
90367469
90367647
90367740
90368194
90370517
90373460
90374355
90377301
90377918
90381308
90384523
90387980
90388549
90388660
90389676
90391754
90393794
90395202
90395314
90396722
90397336
90402052
90402285
90405914
90406537
90406890
90407600
90408700
90409958
90411223
90411540
90413030
90415098
90415472
90416714
90417524
90417588
90423664
90425976
90426311
90427783
90427943
90430149
90432125
90432853
90432871
90433289
90435201
90435948
90436598
90437081
90437296
90437698
90438538
90439124
90441613
90442683
90442991
90444623
90445554
90445796
90446355
90448519
90449196
90450231
90455384
90457258
90459168
90460221
90460922
90465570
90465806
90467190
90470088
90470743
90472158
90473164
90474264
90475850
90477041
90478020
90479371
90479625
90480229
90480238
90482184
90482362
90483604
90484245
90484526
90484665
90484674
90486360
90489165
90489428
90492491
90492688
90494002
90494897
90495399
90498578
90500145
90500435
90503137
90506389
90506839
90509166
90509205
90510117
90511347
90511664
90512997
90513583
90517424
90518711
90519503
90521319
90521832
90522259
90522884
90523836
90526855
90528091
90529360
90529409
90530160
90530384
90533031
90533246
90535446
90538483
90539314
90540383
90540842
90541045
90544475
90545351
90547355
90550896
90551101
90551156
90552706
90552827
90553516
90557608
90561669
90562639
90565117
90566123
90566440
90566534
90568668
90571912
90572003
90574034
90577932
90581359
90581452
90582664
90582936
90586970
90588518
90589195
90589962
90595851
90596111
90597163
90599130
90599680
90599840
90601855
90604669
90605107
90607101
90607446
90607839
90607941
90609169
90609918
90611694
90614789
90617258
90620155
90620333
90620986
90625440
90629309
90630127
90630266
90632260
90632466
90634170
90634237
90635533
90635814
90636482
90638422
90639782
90642812
90646445
90646481
90647086
90648926
90650152
90650545
90652295
90652811
90654002
90654150
90659324
90661167
90662829
90664720
90665044
90665839
90666135
90667440
90667561
90667954
90668090
90668278
90668492
90672556
90674671
90676527
90677672
90681754
90683084
90683721
90684456
90684540
90685471
90686889
90690970
90690989
90691052
90691098
90691838
90693364
90694277
90694343
90696543
90698743
90702565
90704121
90706705
90708062
90708697
90709313
90711110
90711969
90712603
90712667
90713235
90714559
90716629
90718472
90720309
90720886
90720952
90722723
90724147
90724745
90733747
90734360
90738528
90740286
90740615
90741292
90742637
90743595
90744163
90744453
90744462
90744604
90745898
90746804
90746916
90749953
90751602
90752618
90753389
90753428
90754603
90758441
90762617
90763294
90765270
90765720
90766530
90767386
90768196
90769102
90772812
90773118
90775082
90775336
90775345
90775804
90777796
90778373
90782923
90788747
90788792
90789801
90790898
90794289
90799592
90799668
90799800
90799967
90801785
90802906
90804580
90805466
90805475
90807013
90807545
90812398
90813779
90814655
90814682
90815139
90815595
90815698
90817366
90821091
90822379
90823817
90823947
90824234
90826975
90827703
90828438
90828803
90830347
90834550
90835687
90841240
90841455
90842452
90842591
90844652
90844661
90845444
90846553
90847569
90848249
90849415
90849769
90851212
90853654
90854110
90854183
90854389
90855171
90856374
90857317
90859311
90860166
90860586
90863194
90867035
90867950
90869383
90871313
90872954
90874800
90879140
90879672
90879953
90881321
90881787
90884041
90884603
90887761
90887770
90890154
90890752
90891816
90894237
90895122
90895319
90897621
90897845
90898552
90898749
90901416
90901434
90901724
90902516
90906215
90908992
90909001
90909711
90910614
90911022
90912681
90913482
90914818
90917592
90917761
90918768
90918870
90919251
90920547
90921900
90923753
90925122
90925878
90928486
90928963
90933387
90933631
90934227
90934526
90935103
90936128
90936539
90938421
90939352
90942905
90943564
90943911
90944169
90946118
90947133
90947496
90948037
90951073
90951523
90952285
90953013
90955679
90955718
90957815
90958269
90958531
90960039
90960105
90961513
90964541
90964587
90965351
90969984
90971473
90973114
90973235
90973374
90974045
90979488
90979666
90980064
90983065
90983270
90984343
90986945
90991293
90992768
90993970
90995817
90995965
90997259
90997558
90997875
90998032
91001498
91001546
91002338
91006363
91009654
91011929
91015972
91017622
91017686
91018302
91020565
91023771
91024835
91026110
91026455
91027126
91030283
91030724
91032821
91033202
91033341
91033631
91033846
91034357
91036203
91036520
91037657
91038168
91040077
91042763
91043313
91043902
91047898
91049481
91049557
91050768
91052726
91053406
91055295
91055352
91055969
91064411
91065566
91065669
91067823
91069340
91074335
91075547
91079509
91080233
91080831
91082518
91083270
91084446
91085304
91086253
91087045
91088499
91091583
91091912
91092610
91092843
91093194
91097978
91098126
91098779
91101017
91106236
91106496
91106656
91107091
91109013
91109394
91110439
91110475
91110943
91111753
91112198
91114857
91116196
91119496
91122209
91125228
91125826
91127192
91127361
91127679
91128153
91129338
91129972
91131694
91132280
91134172
91134994
91137829
91138189
91140034
91141095
91141170
91142814
91144546
91147864
91149934
91150798
91152242
91160292
91165420
91166427
91166717
91169576
91170303
91170983
91173032
91173612
91175036
91175559
91175755
91176154
91176547
91176668
91176855
91176921
91177843
91178176
91180115
91180731
91180991
91182070
91183068
91183693
91186377
91188559
91189846
91195249
91195931
91198512
91199854
91199975
91200291
91200554
91200871
91209182
91210405
91211578
91212490
91212892
91213929
91214131
91218090
91219828
91222565
91224176
91225593
91228352
91230168
91232537
91233262
91233646
91235453
91236021
91239367
91239808
91242714
91243243
91245292
91245386
91245612
91245724
91248677
91248716
91249786
91250951
91251109
91251332
91253989
91254454
91254520
91254847
91256298
91257053
91257558
91257754
91257866
91259909
91260156
91262431
91262730
91262909
91263522
91264985
91267007
91267324
91268312
91268433
91270276
91270324
91270605
91272300
91272412
91274265
91274603
91276223
91277930
91278571
91279091
91279886
91281115
91281870
91282804
91283490
91284433
91284572
91287096
91287274
91287836
91288673
91288749
91289728
91290733
91291365
91292429
91292607
91301433
91302216
91303080
91303482
91304386
91305468
91305516
91305981
91306139
91306269
91307220
91307967
91309215
91309792
91310640
91310967
91311281
91313203
91313230
91315355
91317304
91317313
91319184
91319689
91320537
91321990
91322036
91323220
91324375
91326735
91327974
91328337
91329642
91330273
91330675
91330835
91330947
91332343
91332866
91336332
91336444
91338813
91338859
91339913
91341121
91342641
91342865
91344319
91345932
91347271
91349949
91350655
91351157
91351308
91351924
91355427
91356657
91357038
91357805
91359676
91360074
91360373
91360869
91361679
91363486
91364924
91365181
91365677
91366610
91367402
91368128
91370439
91370505
91370617
91371164
91374941
91375500
91377960
91378707
91378976
91379311
91379405
91379731
91380885
91382722
91384137
91384856
91385189
91387268
91390240
91390446
91390875
91391854
91392178
91392356
91392712
91393876
91395311
91400046
91400064
91400635
91400738
91405256
91405836
91406338
91407063
91410746
91410951
91412049
91414100
91415282
91417679
91418528
91419909
91420736
91423867
91426000
91428750
91433259
91435114
91435815
91436317
91439822
91439961
91440248
91441601
91443306
91443922
91444693
91445476
91445645
91447210
91447395
91448280
91449803
91454517
91455037
91456155
91456922
91456959
91458551
91459606
91461421
91462370
91464011
91464888
91465997
91467094
91467496
91468822
91469502
91470861
91473303
91474887
91477646
91479565
91479976
91481737
91482136
91482958
91483320
91485098
91488240
91488660
91494728
91497466
91506489
91509949
91510048
91510589
91510806
91514541
91515744
91517177
91517207
91523150
91527484
91530055
91530130
91533597
91533850
91535603
91536217
91536776
91540483
91540997
91541949
91544931
91545059
91549271
91553988
91554220
91554837
91558862
91559261
91559636
91562168
91564229
91565888
91566979
91574086
91574611
91574992
91575953
91576325
91576419
91576688
91577201
91578918
91581356
91582157
91582737
91583127
91583293
91586119
91588823
91591618
91593322
91593331
91596220
91596293
91596426
91597487
91599717
91600042
91601272
91601768
91602420
91603182
91603847
91604086
91605364
91605533
91606165
91606343
91607742
91608851
91610742
91611495
91613202
91613565
91615596
91619307
91619473
91620086
91620497
91622343
91623452
91626677
91628402
91630599
91632388
91632968
91637299
91637310
91637374
91637440
91637628
91639051
91639408
91639480
91642248
91643610
91649087
91649621
91649760
91650506
91650887
91653954
91654698
91655109
91657297
91658904
91659518
91659723
91661276
91661593
91664932
91665546
91668640
91669281
91670090
91670474
91672852
91673626
91674016
91674445
91677718
91683830
91684529
91684613
91685254
91685683
91685825
91686411
91690333
91691189
91691769
91692047
91694537
91696933
91699000
91700232
91702508
91703185
91705415
91707352
91707521
91707660
91708863
91713184
91714314
91714800
91715142
91715601
91717502
91718590
91719908
91720276
91722793
91722962
91723156
91723688
91723763
91726054
91727855
91728227
91728731
91731638
91734590
91739513
91740087
91744517
91747385
91748690
91749343
91750134
91752996
91753023
91756613
91759146
91759520
91760571
91763947
91764887
91766180
91768577
91771661
91772789
91773281
91773348
91773843
91773898
91776246
91777337
91778811
91779742
91779993
91780720
91782247
91783105
91783299
91784634
91786245
91787381
91787617
91788016
91788940
91789992
91791098
91794398
91796552
91799272
91800253
91801456
91803236
91807739
91809199
91809966
91810506
91812582
91814009
91814148
91815284
91817569
91818221
91818230
91818520
91818847
91819116
91821173
91821230
91822992
91823065
91823485
91824482
91824697
91825630
91827166
91829188
91829665
91829834
91830072
91831538
91833176
91836609
91837790
91838407
91840923
91842600
91846895
91849971
91850726
91850801
91850865
91851675
91852261
91852542
91854667
91855468
91855703
91860181
91860248
91861357
91861919
91865971
91868208
91869335
91869401
91871534
91873659
91878636
91879455
91882334
91882473
91884440
91889342
91890115
91891859
91892502
91894476
91897833
91898081
91898474
91899145
91900032
91900836
91900890
91904834
91909512
91909624
91909763
91911971
91912697
91913032
91914543
91915102
91919575
91919632
91919829
91920469
91923844
91926742
91927057
91929350
91929408
91931326
91932583
91934297
91935164
91936273
91936853
91941325
91941437
91941585
91941820
91942939
91943253
91944634
91947484
91950121
91950185
91950381
91954996
91955180
91955247
91956347
91958499
91959517
91960102
91960465
91961967
91963989
91964342
91965880
91966140
91967697
91968283
91968854
91970884
91972758
91975722
91975973
91979083
91981769
91983400
91984993
91987172
91989756
91991058
91992868
91993584
91993605
91997313
91998011
91998356
91998534
92001404
92001897
92008252
92010264
92010385
92011131
92011140
92017955
92019230
92020647
92020713
92021318
92022641
92023161
92025044
92027253
92028456
92031876
92031894
92033272
92033339
92033991
92035070
92035100
92036376
92036639
92037337
92037841
92040560
92041062
92042171
92043561
92045903
92045949
92046508
92048520
92049899
92050073
92052040
92054473
92057568
92064650
92065675
92066618
92066944
92068283
92070307
92070950
92072011
92072329
92072561
92074266
92075946
92076037
92076907
92078554
92078750
92079654
92079935
92082494
92082672
92082739
92082784
92083222
92086915
92093801
92096491
92097658
92098468
92098758
92099166
92102842
92103102
92103193
92103401
92107687
92107931
92108965
92112627
92113606
92115534
92116362
92117583
92119635
92119747
92121357
92121786
92122644
92124433
92125887
92128392
92129915
92131132
92132474
92133529
92138328
92141814
92142044
92142642
92143340
92144851
92146060
92147852
92148886
92150357
92151886
92152614
92154720
92156788
92157963
92159659
92160730
92161559
92161979
92162819
92163227
92165418
92167971
92168110
92170980
92172078
92172788
92176478
92177194
92177390
92179095
92180792
92181100
92184268
92184419
92185274
92193206
92194388
92194463
92194584
92197549
92200672
92202546
92203879
92205789
92208968
92210037
92210327
92210886
92211098
92211968
92216785
92217287
92217812
92221396
92222469
92222517
92225826
92227400
92227606
92227978
92229824
92231416
92231902
92232703
92233250
92237333
92237641
92237669
92238367
92239337
92239382
92240324
92241714
92243772
92243893
92244957
92245879
92246894
92247015
92248124
92250396
92250538
92252185
92252345
92254291
92254657
92256222
92259205
92259474
92260667
92262456
92263499
92265765
92265822
92266678
92268971
92269464
92270303
92271243
92271926
92273322
92273751
92274691
92276882
92280049
92280106
92280469
92281813
92284168
92291009
92291205
92291504
92292622
92294859
92295865
92297225
92297533
92298709
92299210
92299573
92300134
92301476
92303537
92303591
92307870
92309230
92309931
92310188
92310281
92310496
92314328
92315370
92315697
92321054
92321184
92322396
92322499
92324149
92327328
92329180
92331231
92332340
92332911
92335789
92338968
92339488
92340176
92340596
92342620
92342723
92343140
92343403
92343476
92346495
92349290
92349357
92349683
92351846
92353550
92354614
92356515
92357035
92358041
92358359
92358658
92361005
92362628
92363803
92364369
92365254
92366158
92367678
92368433
92368611
92369092
92369430
92370771
92376438
92376643
92377538
92377882
92378405
92379251
92379457
92381320
92382260
92383119
92383669
92383708
92384385
92384545
92384817
92388123
92389858
92392849
92393408
92394311
92394599
92395886
92398403
92399521
92400164
92401237
92402627
92408003
92408272
92408423
92409466
92409523
92411384
92412439
92413388
92415298
92417041
92417199
92417564
92417975
92420144
92421226
92424197
92425233
92426472
92427844
92432398
92432651
92433890
92434392
92436332
92436417
92438037
92438224
92439098
92447413
92448090
92448241
92448803
92449024
92454729
92454840
92455333
92458978
92459108
92459135
92463392
92463552
92466777
92466982
92467363
92470176
92470934
92471315
92471502
92472563
92472974
92476392
92476767
92477045
92479142
92479834
92481761
92482133
92482263
92482320
92484182
92484221
92485312
92485518
92486953
92487026
92488078
92489927
92493764
92494789
92495209
92498273
92499690
92501100
92501605
92501717
92504008
92505603
92508471
92509432
92509768
92511248
92511565
92511707
92511770
92513617
92515415
92515880
92517745
92520512
92522664
92524314
92524350
92524631
92525928
92527043
92527388
92529038
92531714
92534407
92536371
92536737
92538768
92539765
92540378
92545113
92545739
92547425
92547939
92548235
92548703
92552045
92552401
92552906
92555608
92555756
92557563
92559820
92561104
92561784
92562080
92562697
92565184
92565933
92565997
92567777
92569481
92571886
92572669
92573273
92574588
92575491
92576238
92577208
92581223
92584176
92589416
92591642
92591839
92591941
92592247
92593516
92597792
92599433
92601886
92602089
92602306
92602605
92602735
92603769
92604186
92604618
92606649
92607404
92611737
92612060
92615098
92615191
92617207
92617588
92618482
92619425
92620485
92620999
92621718
92622096
92624193
92626638
92627699
92628258
92629675
92630662
92632965
92633814
92637586
92638994
92639601
92641912
92642357
92643158
92643318
92643831
92644098
92644481
92645161
92646524
92646896
92646935
92659038
92665141
92665356
92665682
92666540
92667631
92668898
92670248
92671085
92674237
92675430
92677377
92678048
92679072
92681730
92684124
92686061
92689688
92691038
92692503
92693881
92696949
92699061
92700408
92703847
92705711
92706521
92708262
92710395
92711945
92713127
92713275
92716249
92717639
92719053
92719950
92720965
92721298
92726864
92727982
92728327
92728578
92729128
92729548
92730759
92731747
92732061
92735688
92735969
92736265
92736443
92736993
92738027
92738504
92740459
92740534
92741791
92742408
92742846
92747458
92751174
92755239
92755800
92759509
92762219
92764044
92766114
92766600
92771293
92774454
92779262
92779486
92780567
92780772
92780790
92782217
92783737
92784220
92787678
92789225
92789403
92791255
92792216
92792681
92793419
92796009
92796885
92798599
92799206
92799363
92800081
92806560
92806636
92806775
92807688
92807772
92817258
92818170
92819542
92819627
92821161
92821536
92825356
92828665
92831339
92831834
92831946
92832420
92832699
92836820
92838600
92839287
92840416
92841945
92842438
92843408
92843668
92845644
92849437
92852987
92853322
92853591
92855399
92857704
92858680
92860094
92860227
92863965
92863992
92867619
92868250
92868812
92873843
92875436
92877346
92878099
92881455
92882135
92882313
92885529
92886843
92888593
92889611
92889705
92890626
92892291
92892518
92893476
92895050
92897616
92898079
92899571
92901205
92901287
92901577
92905203
92909434
92912041
92912087
92912715
92913888
92914700
92915501
92917448
92917961
92920185
92922862
92923319
92924718
92926767
92927353
92928079
92931846
92932094
92932553
92932647
92933224
92935125
92936515
92937400
92937530
92941751
92945021
92946466
92947883
92950650
92952775
92953772
92954096
92954274
92956287
92957743
92958227
92958834
92959019
92959457
92960453
92962783
92963726
92964143
92964367
92964835
92964965
92966026
92968141
92969616
92970591
92970939
92971918
92972401
92974553
92975859
92977620
92980808
92982567
92983210
92984525
92984888
92988877
92989801
92990209
92990937
92991345
92991578
92991710
92993273
92995026
92995530
92997208
92997954
92998175
93001353
93003795
93003861
93004550
93006590
93009023
93009377
93010832
93011893
93013413
93017840
93019536
93020091
93021977
93024101
93024941
93025573
93027317
93030148
93031118
93031846
93035611
93037147
93040286
93041854
93043942
93046895
93047137
93047687
93049056
93050931
93052579
93053325
93055561
93060190
93062091
93063409
93064451
93067984
93069483
93070032
93070452
93071749
93073079
93073529
93074795
93075233
93075514
93075747
93076922
93078113
93078373
93078766
93081935
93082781
93085175
93090508
93090683
93091224
93092342
93093134
93093479
93095660
93101123
93101187
93102568
93104320
93104487
93104508
93107189
93107880
93110808
93111104
93112222
93112521
93113836
93114516
93115429
93115876
93116097
93118185
93119931
93122892
93123349
93125044
93127927
93128764
93128867
93132659
93133067
93136871
93137832
93140113
93140421
93142256
93144148
93146179
93146991
93147466
93150372
93151397
93152684
93152862
93156543
93157474
93158677
93162816
93165228
93166355
93167222
93167521
93168274
93169187
93170473
93171621
93172749
93173148
93176868
93177753
93181077
93181134
93183389
93183718
93183754
93191227
93191825
93193146
93197274
93197292
93197920
93200576
93203072
93203090
93203568
93204640
93205348
93206354
93206505
93210463
93210557
93210593
93212168
93214050
93216371
93220396
93220462
93220640
93223593
93223717
93224321
93226400
93228262
93228271
93229335
93231020
93231123
93232728
93234290
93236856
93237572
93240255
93241980
93242259
93243920
93245876
93247629
93248046
93248055
93248242
93248514
93250094
93250834
93251420
93252191
93255521
93256416
93256788
93262350
93263629
93265267
93266004
93266170
93266273
93268419
93269591
93269685
93270720
93273169
93276085
93276571
93277390
93279031
93280970
93281708
93281874
93282040
93282611
93283337
93285117
93287063
93287250
93288006
93288202
93290036
93291079
93291873
93292067
93292795
93293804
93298135
93298872
93299691
93301709
93303196
93308098
93308753
93309367
93309808
93311708
93313391
93314437
93314651
93314736
93315500
93316301
93317830
93319795
93319991
93320054
93321444
93322759
93323943
93330987
93331854
93334828
93335311
93339515
93340230
93341189
93341509
93342047
93342588
93344500
93345842
93349309
93350837
93350873
93350976
93353454
93354376
93354648
93357180
93358785
93359250
93360050
93360911
93361673
93361909
93365091
93366100
93367992
93368261
93368793
93369129
93369147
93369491
93370732
93372811
93373649
93375278
93376640
93377478
93380629
93382865
93382892
93383545
93383611
93384449
93384917
93385848
93387093
93392127
93395838
93396956
93397766
93398343
93399283
93400004
93400228
93400750
93401597
93402286
93402893
93405483
93405812
93409904
93411952
93412708
93412904
93419042
93419985
93420299
93420990
93425641
93426910
93427542
93427690
93433011
93434607
93437617
93438388
93440345
93440523
93440662
93443597
93443953
93445470
93445872
93446039
93448695
93449674
93449692
93449946
93450157
93450746
93451819
93452535
93452562
93457156
93461395
93462020
93462664
93463410
93463746
93464024
93466587
93468675
93471321
93475141
93477435
93478919
93480136
93480378
93480426
93480613
93482868
93483418
93484899
93485850
93486697
93487238
93487742
93488842
93490283
93492474
93496502
93497460
93501022
93501349
93502702
93507471
93509747
93513137
93513285
93517340
93517845
93519586
93520470
93522157
93522308
93524049
93526614
93527189
93530581
93532062
93532446
93532745
93533117
93535782
93537834
93541493
93542276
93543040
93543303
93543817
93548232
93549510
93549828
93550011
93550749
93551803
93552819
93555771
93556714
93558576
93560775
93562014
93564157
93566263
93566487
93567644
93569675
93572527
93572778
93573823
93575500
93578529
93579085
93580148
93583297
93583907
93586186
93587941
93588863
93588902
93590820
93591322
93592691
93594248
93594396
93595348
93595731
93596046
93596617
93598639
93598817
93599887
93599896
93600532
93602769
93602862
93603458
93605434
93606002
93606561
93607737
93609320
93610009
93614463
93614735
93616878
93618340
93618779
93619280
93622169
93622543
93622936
93627614
93628189
93629999
93630865
93631031
93631938
93634452
93635440
93636979
93637556
93638094
93639215
93642112
93654562
93655112
93655206
93656276
93656940
93659295
93660330
93661579
93662138
93662558
93666798
93666949
93668448
93668587
93669696
93670928
93672762
93674029
93674298
93675642
93676096
93676153
93676827
93676881
93677132
93677673
93677981
93680169
93682220
93682239
93683973
93684194
93685717
93685931
93687579
93687748
93687775
93688567
93689500
93694184
93696692
93698669
93698810
93700106
93701046
93701345
93702146
93702829
93703095
93703527
93704458
93704494
93704597
93705268
93705325
93707105
93709499
93709819
93710383
93710833
93711719
93712079
93715829
93716479
93716488
93717083
93717298
93717980
93719920
93721642
93725305
93725592
93726106
93728687
93729796
93731043
93731089
93731922
93732031
93734718
93738332
93738592
93740456
93740698
93741695
93741761
93741770
93743448
93744333
93748368
93752253
93753269
93753399
93755320
93755517
93760164
93761880
93763183
93764630
93765383
93765598
93766223
93768610
93770912
93771553
93774675
93774787
93774947
93777416
93779483
93781299
93782009
93783323
93784384
93785970
93787415
93787657
93790004
93790536
93794552
93794824
93795148
93796677
93797003
93797179
93798644
93800921
93800976
93802028
93804705
93805047
93805298
93809139
93809821
93812997
93814704
93819594
93820965
93821506
93821618
93821896
93821980
93822213
93822679
93823180
93824105
93824664
93824776
93825063
93826501
93826613
93827012
93829294
93829771
93832173
93832276
93832650
93834140
93835781
93836975
93838456
93840002
93840598
93841568
93845502
93845883
93845977
93847113
93847177
93849715
93850579
93853262
93853897
93854755
93855426
93856320
93860608
93862107
93862826
93862835
93863186
93863841
93864615
93867326
93867531
93869393
93871190
93874043
93876104
93878407
93879141
93879888
93880884
93881564
93882721
93884716
93886523
93886644
93887306
93887696
93889403
93890333
93890874
93892186
93893772
93895477
93897789
93898991
93902665
93903242
93904203
93905938
93906391
93906971
93908434
93910428
93912374
93912486
93915188
93915580
93916420
93917351
93917801
93918769
93919207
93919588
93923884
93925794
93927789
93928713
93929345
93929587
93931348
93932381
93932466
93934714
93937911
93938310
93940135
93940555
93940603
93942278
93943592
93944302
93946203
93946641
93946968
93947723
93947983
93951953
93954299
93955175
93955492
93956743
93957946
93958662
93958934
93960599
93961082
93961813
93961895
93963992
93966041
93969958
93971513
93971540
93974055
93974251
93975959
93977887
93978660
93983093
93986124
93987336
93987578
93988696
93993690
93993711
93994370
93996758
93996833
93997036
93998837
93999339
93999786
94000063
94000214
94000335
94003550
94003635
94004025
94005013
94007996
94011854
94012365
94012842
94013335
94015535
94017155
94019702
94020865
94021732
94023008
94024537
94025516
94025691
94026111
94026335
94026492
94027499
94028124
94029514
94030118
94030592
94030882
94033100
94033593
94036204
94037274
94041365
94045363
94047518
94048654
94050460
94050479
94051588
94051766
94052772
94053331
94053582
94054093
94056716
94058886
94060768
94060795
94061000
94062913
94063189
94064926
94065101
94065174
94066041
94066078
94066359
94066573
94068821
94069239
94069565
94074297
94075977
94077430
94078594
94081820
94084326
94085538
94085770
94087158
94088780
94092394
94093355
94093672
94095265
94095368
94097689
94098332
94098613
94098882
94101166
94102716
94105454
94107775
94108848
94108875
94110757
94115033
94115592
94120804
94120907
94121016
94121315
94123766
94124183
94124866
94125050
94128042
94128350
94129638
94130111
94130951
94132599
94133019
94137325
94138135
94138395
94138452
94139990
94141229
94141331
94141760
94142141
94142150
94143296
94143849
94144761
94152654
94152917
94153138
94153745
94153839
94153875
94154304
94154528
94157266
94158085
94158478
94158816
94160462
94160538
94160668
94160725
94160752
94160958
94162514
94162804
94164488
94164947
94166567
94168338
94168486
94170733
94171280
94172081
94172755
94174898
94177871
94178515
94178917
94180264
94181001
94184329
94185540
94185568
94186097
94188112
94190508
94191251
94193554
94194168
94194953
94195017
94196685
94197682
94197776
94198166
94199471
94200537
94205747
94206874
94208092
94209259
94211140
94211225
94211588
94212174
94215090
94215607
94217227
94225213
94226724
94227169
94227963
94230749
94233450
94234309
94234662
94235641
94236460
94237887
94240869
94247176
94250587
94256963
94258136
94259610
94260410
94260577
94261145
94262375
94263907
94264379
94265488
94266551
94267437
94269422
94269543
94270080
94270709
94271416
94273175
94273269
94274435
94274499
94275067
94275302
94277454
94278228
94278750
94279597
94279926
94280810
94281086
94282104
94285150
94285945
94286027
94289121
94289260
94289747
94290239
94293146
94296455
94296772
94300053
94300512
94302066
94302851
94304145
94308554
94309289
94309421
94309711
94311714
94312270
94315963
94317846
94318544
94318601
94319363
94320958
94322233
94325113
94325618
94326389
94326950
94327603
94328105
94328123
94328842
94330117
94332737
94333350
94333547
94334227
94336696
94338458
94338588
94338720
94340563
94342521
94343238
94344413
94344721
94346967
94351103
94351804
94354001
94354467
94354645
94357057
94357963
94358960
94363218
94365874
94370122
94371286
94371987
94372890
94381427
94381892
94382358
94388015
94388248
94388529
94390148
94394726
94395385
94396775
94397026
94399909
94400739
94401400
94402331
94403208
94404803
94404988
94406786
94408801
94408940
94409116
94411119
94411306
94411342
94413029
94414482
94415975
94416226
94416477
94418202
94418305
94420698
94421024
94421305
94422656
94423952
94424221
94428966
94432057
94432422
94432981
94433045
94434051
94437164
94437539
94438433
94438741
94441817
94442289
94442636
94444322
94444416
94444779
94445712
94446120
94446689
94446812
94447716
94448928
94449028
94450565
94451263
94451722
94453708
94459540
94459625
94462063
94462728
94463903
94465738
94465970
94467714
94469905
94470497
94470723
94472008
94474619
94476181
94476387
94479669
94479780
94482427
94482436
94483974
94484047
94484289
94486377
94486452
94486676
94486881
94488018
94488317
94490020
94491791
94492958
94493432
94498893
94499162
94499283
94500460
94501506
94504655
94505634
94507731
94508792
94508840
94509753
94510432
94515286
94515491
94516881
94517806
94518474
94520691
94522480
94523487
94523517
94524765
94525584
94526853
94527065
94527841
94528512
94534915
94535985
94538557
94540626
94542899
94543702
94545809
94549638
94549722
94550821
94551314
94551547
94552236
94552272
94554182
94554922
94555835
94556467
94557857
94558108
94560325
94560530
94561760
94562310
94562806
94562918
94565058
94566569
94566774
94567641
94567717
94569720
94572168
94572216
94572391
94572953
94572999
94574117
94574742
94576737
94580499
94581384
94584013
94584910
94585935
94590322
94590359
94590984
94591749
94596801
94598748
94599745
94600397
94600995
94601040
94601415
94602168
94603464
94607145
94608218
94609381
94610444
94611188
94613511
94614077
94615207
94619616
94624133
94625457
94628467
94628832
94628908
94629857
94630826
94631449
94632419
94632987
94633416
94634310
94634413
94634570
94634767
94635764
94636583
94638493
94638943
94641532
94641710
94644823
94645642
94646069
94646975
94647365
94650600
94651885
94653704
94657038
94657627
94657757
94657784
94659108
94660412
94661316
94661642
94662395
94663477
94663815
94668520
94668883
94669246
94669714
94670970
94671137
94671593
94675537
94675845
94677193
94677308
94678417
94680782
94682124
94683288
94686980
94689842
94697203
94700082
94706963
94709393
94710719
94712339
94713000
94715880
94719178
94720464
94721416
94721470
94721836
94726233
94729337
94730155
94730342
94732337
94732850
94734658
94735310
94735338
94735794
94736184
94738263
94740967
94741049
94741683
94744714
94745618
94747591
94748178
94748758
94749045
94749429
94752362
94752764
94753293
94754535
94754937
94756744
94758609
94759352
94761551
94762017
94762286
94762932
94765148
94765399
94766873
94767704
94768149
94768514
94768532
94769119
94770441
94770683
94771233
94771505
94771916
94774766
94774999
94775129
94777495
94777507
94778951
94780048
94781607
94782079
94784831
94784952
94786022
94786741
94787609
94788307
94790252
94790300
94792126
94793673
94793981
94794399
94796094
94802360
94802669
94805231
94805268
94806078
94807945
94808009
94808090
94809341
94811568
94812332
94813450
94813898
94816545
94817092
94819247
94820038
94824232
94827635
94828173
94828182
94828360
94829406
94832068
94834736
94835715
94836794
94836842
94838396
94840278
94840924
94842179
94844052
94847183
94848023
94849392
94850491
94850941
94854239
94855272
94857940
94858714
94858965
94859186
94860221
94860922
94861152
94862832
94865815
94866009
94867462
94868106
94871311
94871432
94872028
94872288
94872354
94872493
94873566
94876035
94879193
94879755
94880591
94880694
94881123
94883060
94885943
94886548
94887415
94889781
94890835
94894235
94895175
94895214
94895933
94896396
94896529
94896716
94896891
94898224
94898868
94901450
94902260
94902363
94903810
94904778
94910788
94911833
94912849
94913015
94913921
94915363
94917639
94918373
94918609
94924196
94926097
94927562
94928541
94929810
94930094
94931934
94935811
94936144
94939547
94940981
94941166
94941737
94942109
94943928
94944792
94946844
94948035
94949283
94955855
94958388
94959983
94961342
94962723
94964576
94966271
94966383
94966758
94967951
94968332
94969188
94970812
94971864
94972496
94973297
94973907
94974128
94974379
94975527
94976690
94981322
94981733
94982226
94983223
94984378
94984453
94986671
94988835
94989083
94989823
94990203
94991817
94992748
94992896
94993893
94994920
94994948
94997332
94997912
